Source Function,Target Function
"addAuditRequest(address,string,uint256)",approveWhitelisted(uint256)
setMaxAssignedRequests(uint256),approveWhitelisted(uint256)
renounceOwnership(),approveWhitelisted(uint256)
setAuditTimeout(uint256),approveWhitelisted(uint256)
transferOwnership(address),approveWhitelisted(uint256)
