Source Function,Target Function
reinvest(),"transfer(address,uint256)"
