Source Function,Target Function
renounceOwnership(),transferOwnership(address)
release(),transferOwnership(address)
transferOwnership(address),renounceOwnership()
release(),renounceOwnership()
transferOwnership(address),release()
renounceOwnership(),release()
